4207307.87038 7543976.0093600005 25.315 200 200 200
4207308.27138 7543976.04136 25.684 200 200 200
4207310.59738 7543976.055360001 25.467 200 200 200
4207309.60338 7543980.589360001 28.508 200 200 200
4207309.223379999 7543979.99736 28.47 200 200 200
4207309.58238 7543979.80436 28.59 200 200 200
4207308.14238 7543982.044360001 27.779 200 200 200
4207308.52338 7543981.61136 28.008 200 200 200
4207309.46638 7543980.92736 28.486 200 200 200
4207308.27538 7543981.811360001 27.989 200 200 200
4207309.01838 7543980.760360001 28.399 200 200 200
4207309.4513799995 7543979.67336 28.377000000000002 200 200 200
4207310.19738 7543982.1513600005 29.056 200 200 200
4207309.53138 7543981.38636 28.564 200 200 200
4207309.53138 7543981.89536 28.412 200 200 200
4207310.24838 7543981.41036 28.833000000000002 200 200 200
4207309.916379999 7543980.760360001 28.645 200 200 200
4207309.23738 7543987.58536 28.282 200 200 200
4207309.9113799995 7543985.34236 29.077 200 200 200
4207309.40638 7543984.47436 28.423000000000002 200 200 200
4207309.263379999 7543986.99936 28.297 200 200 200
4207309.72038 7543983.44536 28.844 200 200 200
4207309.52838 7543984.90336 27.830000000000002 200 200 200
4207309.25338 7543983.76636 28.339 200 200 200
4207310.31838 7543984.8103600005 29.181 200 200 200
4207309.6783799995 7543985.20536 28.191000000000003 200 200 200
4207308.9453799995 7543984.12636 27.745 200 200 200
4207308.56538 7543983.66736 27.691000000000003 200 200 200
4207310.12238 7543983.11136 29.184 200 200 200
4207309.49538 7543984.72836 28.468 200 200 200
4207308.81138 7543984.14436 27.706 200 200 200
4207309.25038 7543984.20236 28.417 200 200 200
4207309.01638 7543982.25236 28.109 200 200 200
4207308.6783799995 7543982.44536 27.988 200 200 200
4207308.78838 7543983.90036 27.762 200 200 200
4207310.07238 7543986.72736 28.536 200 200 200
4207309.433379999 7543984.390360001 28.21 200 200 200
4207306.9173799995 7543983.68936 27.758 200 200 200
4207309.37538 7543987.22236 28.254 200 200 200
4207309.45538 7543982.84136 28.642 200 200 200
4207309.36738 7543982.96036 28.448 200 200 200
4207309.47238 7543983.6913600005 28.811 200 200 200
4207309.52238 7543984.81436 28.137 200 200 200
4207309.26238 7543983.30436 27.932000000000002 200 200 200
4207309.65238 7543986.19536 28.129 200 200 200
4207309.79638 7543985.51136 27.779 200 200 200
4207309.11238 7543986.805360001 27.857 200 200 200
4207309.45538 7543987.82036 28.671 200 200 200
4207310.06038 7543982.62436 29.018 200 200 200
4207309.18538 7543983.63736 28.43 200 200 200
4207306.82438 7543984.07636 27.811 200 200 200
4207313.11438 7543981.06436 28.882 200 200 200
4207315.581379999 7543981.30336 28.344 200 200 200
4207312.26438 7543980.20436 28.645 200 200 200
4207315.36138 7543980.83036 28.101 200 200 200
4207315.94938 7543980.91736 28.026 200 200 200
4207311.35538 7543981.22936 28.78 200 200 200
4207310.96438 7543979.43136 28.379 200 200 200
4207312.30738 7543980.41436 28.729 200 200 200
4207310.63038 7543979.163360001 28.155 200 200 200
4207312.797379999 7543981.601360001 28.817 200 200 200
4207312.808379999 7543980.28336 28.469 200 200 200
4207314.34938 7543980.544360001 27.976 200 200 200
4207312.42638 7543980.09736 28.421 200 200 200
4207313.5703799995 7543980.80036 28.663 200 200 200
4207313.57438 7543980.58136 28.478 200 200 200
4207310.9683799995 7543981.62136 28.87 200 200 200
4207315.4513799995 7543980.85436 28.101 200 200 200
4207312.81938 7543979.19236 28.115000000000002 200 200 200
4207310.66038 7543978.77536 27.823 200 200 200
4207314.41038 7543980.623360001 28.393 200 200 200
4207312.40638 7543979.9753600005 28.322 200 200 200
4207312.0423799995 7543979.85436 28.526 200 200 200
4207312.155379999 7543980.07736 28.47 200 200 200
4207314.03838 7543980.05936 27.847 200 200 200
4207311.831379999 7543978.83136 27.903 200 200 200
4207315.30238 7543981.89736 28.708000000000002 200 200 200
4207314.02638 7543982.038360001 29.434 200 200 200
4207311.60338 7543981.589360001 28.722 200 200 200
4207313.16038 7543981.43836 28.746000000000002 200 200 200
4207311.19738 7543980.629360001 28.934 200 200 200
4207315.36138 7543980.76436 28.128 200 200 200
4207311.31238 7543978.89836 27.924 200 200 200
4207311.26038 7543979.26436 28.245 200 200 200
4207313.48138 7543982.095360001 29.619 200 200 200
4207311.16338 7543979.58236 28.553 200 200 200
4207313.20338 7543979.54236 27.956 200 200 200
4207311.94438 7543978.80936 27.905 200 200 200
4207312.058379999 7543980.351360001 28.793 200 200 200
4207313.74538 7543979.71936 27.879 200 200 200
4207314.11438 7543982.18136 29.519000000000002 200 200 200
4207311.86138 7543979.771360001 28.616 200 200 200
4207313.68238 7543982.19336 29.682000000000002 200 200 200
4207313.14238 7543982.11936 29.655 200 200 200
4207312.92338 7543982.04236 29.25 200 200 200
4207314.15738 7543980.77436 28.591 200 200 200
4207315.50338 7543982.03636 28.757 200 200 200
4207313.791379999 7543979.63036 27.869 200 200 200
4207310.55638 7543979.4353600005 28.452 200 200 200
4207315.04038 7543985.16536 30.021 200 200 200
4207315.79838 7543982.22936 28.589000000000002 200 200 200
4207314.69638 7543985.12636 30.388 200 200 200
4207315.84438 7543984.10436 29.418 200 200 200
4207312.39738 7543982.53736 29.514 200 200 200
4207310.95938 7543985.69236 29.733 200 200 200
4207314.74238 7543985.12436 30.35 200 200 200
4207312.933379999 7543985.90636 30.347 200 200 200
4207315.712379999 7543986.856360001 28.461000000000002 200 200 200
4207315.06238 7543985.47736 29.95 200 200 200
4207315.75038 7543982.26236 28.740000000000002 200 200 200
4207310.456379999 7543983.35336 29.37 200 200 200
4207315.06038 7543983.03536 29.389 200 200 200
4207311.09138 7543982.92236 29.32 200 200 200
4207315.66438 7543986.80936 28.728 200 200 200
4207316.04938 7543982.21736 28.425 200 200 200
4207314.70538 7543984.01736 30.111 200 200 200
4207313.61338 7543986.82636 29.909 200 200 200
4207314.24138 7543986.13736 30.323 200 200 200
4207311.61738 7543984.48436 29.855 200 200 200
4207313.96338 7543982.65436 30.356 200 200 200
4207310.376379999 7543985.18736 29.654 200 200 200
4207312.04538 7543984.15636 29.98 200 200 200
4207315.382379999 7543985.28336 29.754 200 200 200
4207312.83438 7543987.79636 29.044 200 200 200
4207315.35238 7543987.76236 28.209 200 200 200
4207314.96938 7543983.061360001 29.439 200 200 200
4207311.88138 7543986.57636 29.691 200 200 200
4207312.55438 7543985.28936 30.259 200 200 200
4207312.86938 7543984.9353600005 30.358 200 200 200
4207313.66238 7543987.0093600005 29.651 200 200 200
4207314.35838 7543982.58036 29.701 200 200 200
4207313.00638 7543986.74936 29.819 200 200 200
4207315.13438 7543987.856360001 29.118000000000002 200 200 200
4207314.41938 7543982.85436 29.999000000000002 200 200 200
4207315.88738 7543984.57736 29.406 200 200 200
4207313.905379999 7543985.48336 30.375 200 200 200
4207316.07938 7543986.72136 28.15 200 200 200
4207311.9513799995 7543987.27436 29.357 200 200 200
4207312.62338 7543986.34236 29.84 200 200 200
4207314.22138 7543986.37136 30.139 200 200 200
4207312.92338 7543983.92336 30.142 200 200 200
4207315.76638 7543983.04736 28.936 200 200 200
4207315.91038 7543984.71236 29.377 200 200 200
4207315.83538 7543983.0433600005 28.886 200 200 200
4207313.13338 7543986.61036 30.343 200 200 200
4207313.40838 7543986.90036 29.995 200 200 200
4207313.70338 7543984.078360001 30.637 200 200 200
4207312.58038 7543986.42536 29.761 200 200 200
4207315.501379999 7543984.17036 29.693 200 200 200
4207314.92538 7543985.43836 30.026 200 200 200
4207311.61138 7543986.28036 29.697 200 200 200
4207315.91838 7543987.88636 28.018 200 200 200
4207315.04838 7543982.29636 28.913 200 200 200
4207311.09738 7543984.96936 29.726 200 200 200
4207314.65238 7543985.76336 30.144000000000002 200 200 200
4207314.9343799995 7543987.12636 29.059 200 200 200
4207312.490379999 7543986.578360001 29.694 200 200 200
4207312.91838 7543984.43436 30.307000000000002 200 200 200
4207314.26538 7543985.82136 30.343 200 200 200
4207315.25938 7543987.88036 28.256 200 200 200
4207310.85638 7543984.31936 29.525000000000002 200 200 200
4207314.85638 7543985.80336 30.068 200 200 200
4207313.02338 7543985.555360001 30.457 200 200 200
4207314.86338 7543982.69636 29.117 200 200 200
4207312.6673799995 7543986.220360001 30.033 200 200 200
4207313.46438 7543987.981360001 29.068 200 200 200
4207311.67538 7543983.04736 29.434 200 200 200
4207311.58438 7543983.453360001 29.411 200 200 200
4207313.24238 7543982.8843600005 30.169 200 200 200
4207315.13138 7543985.072360001 29.973 200 200 200
4207312.42138 7543985.27936 30.157 200 200 200
4207313.5763799995 7543983.13336 30.431 200 200 200
4207314.16038 7543983.88036 30.391000000000002 200 200 200
4207313.63338 7543985.71236 30.406 200 200 200
4207310.78238 7543987.53636 29.002 200 200 200
4207315.81738 7543985.27936 29.401 200 200 200
4207314.541379999 7543982.45136 29.489 200 200 200
4207311.72638 7543987.42736 29.288 200 200 200
4207314.54938 7543986.75736 29.282 200 200 200
4207311.382379999 7543983.26836 29.377 200 200 200
4207314.51838 7543986.220360001 29.929000000000002 200 200 200
4207315.68738 7543983.70136 29.477 200 200 200
4207314.70738 7543983.96336 29.986 200 200 200
4207313.72838 7543986.9753600005 29.779 200 200 200
4207311.15338 7543983.97136 29.409 200 200 200
4207314.49938 7543984.476360001 30.187 200 200 200
4207313.05538 7543983.60236 30.379 200 200 200
4207314.82238 7543986.57036 29.174 200 200 200
4207315.564379999 7543987.73336 28.959 200 200 200
4207310.69038 7543985.75336 29.654 200 200 200
4207315.592379999 7543987.59736 28.683 200 200 200
4207314.63938 7543987.17636 29.12 200 200 200
4207315.49938 7543987.88236 28.841 200 200 200
4207314.73138 7543986.46136 29.239 200 200 200
4207313.76438 7543982.544360001 30.13 200 200 200
4207312.33238 7543986.53436 29.707 200 200 200
4207313.2013799995 7543982.55836 30.038 200 200 200
4207314.138379999 7543986.8843600005 29.479 200 200 200
4207311.77738 7543983.96336 29.856 200 200 200
4207314.93738 7543983.7253600005 29.828 200 200 200
4207312.71638 7543984.40436 30.231 200 200 200
4207313.79438 7543984.03136 30.613 200 200 200
4207311.85538 7543982.91436 29.451 200 200 200
4207314.24438 7543986.58636 29.995 200 200 200
4207311.34038 7543982.697360001 29.327 200 200 200
4207306.35738 7543981.27536 26.749000000000002 200 200 200
4207306.36138 7543981.265360001 25.164 200 200 200
4207307.9173799995 7543980.027360001 26.902 200 200 200
4207307.683379999 7543980.97336 27.157 200 200 200
4207308.82938 7543978.52336 26.716 200 200 200
4207308.19238 7543976.97736 26.091 200 200 200
4207308.91938 7543976.78036 25.859 200 200 200
4207309.60238 7543977.78636 26.523 200 200 200
4207307.83338 7543982.05436 27.359 200 200 200
4207308.3773799995 7543980.91536 27.517 200 200 200
4207310.11138 7543980.5603600005 26.381 200 200 200
4207310.33538 7543977.1003600005 26.112000000000002 200 200 200
4207306.03138 7543978.09636 25.469 200 200 200
4207308.15438 7543976.7423600005 25.704 200 200 200
4207307.9453799995 7543977.146360001 25.959 200 200 200
4207307.22238 7543978.23336 25.7 200 200 200
4207306.56238 7543981.00336 26.719 200 200 200
4207309.85338 7543977.59936 26.427 200 200 200
4207310.28138 7543977.64736 26.428 200 200 200
4207308.66038 7543977.80236 26.188000000000002 200 200 200
4207307.28938 7543979.12536 25.526 200 200 200
4207307.62838 7543977.67836 25.83 200 200 200
4207306.9173799995 7543976.32136 25.581 200 200 200
4207309.62038 7543976.55236 25.792 200 200 200
4207308.19738 7543976.86636 25.815 200 200 200
4207307.45838 7543981.01336 27.078 200 200 200
4207308.1443799995 7543977.96636 26.003 200 200 200
4207306.34938 7543977.66436 25.418 200 200 200
4207306.95838 7543981.51736 27.203 200 200 200
4207306.48038 7543980.34736 26.443 200 200 200
4207307.05538 7543980.97736 26.95 200 200 200
4207307.38038 7543978.14736 25.754 200 200 200
4207307.615379999 7543981.01836 27.143 200 200 200
4207310.33638 7543976.93936 26.078 200 200 200
4207306.33838 7543980.04536 25.486 200 200 200
4207309.5703799995 7543976.68736 26.068 200 200 200
4207307.11138 7543978.53736 25.54 200 200 200
4207308.87938 7543978.19336 26.560000000000002 200 200 200
4207310.27138 7543978.73336 26.744 200 200 200
4207307.38038 7543979.5663600005 25.377000000000002 200 200 200
4207308.81138 7543978.19336 26.559 200 200 200
4207308.50038 7543980.4183600005 26.972 200 200 200
4207310.06338 7543980.1343600005 26.721 200 200 200
4207306.99138 7543979.92636 25.657 200 200 200
4207307.13538 7543978.243360001 25.547 200 200 200
4207309.15438 7543980.186360001 27.146 200 200 200
4207308.42438 7543980.85836 27.379 200 200 200
4207306.18738 7543979.23836 25.302 200 200 200
4207307.69238 7543979.11936 25.732 200 200 200
4207307.57138 7543980.947360001 27.119 200 200 200
4207309.3773799995 7543977.69636 26.536 200 200 200
4207309.274379999 7543976.89936 26.188000000000002 200 200 200
4207307.15038 7543979.76136 25.573 200 200 200
4207306.0763799995 7543978.964360001 25.27 200 200 200
4207309.70538 7543980.14236 26.541 200 200 200
4207310.18138 7543978.80336 26.767 200 200 200
4207306.29838 7543979.35736 25.389 200 200 200
4207307.956379999 7543980.635360001 27.141000000000002 200 200 200
4207310.297379999 7543978.56536 26.609 200 200 200
4207306.48638 7543977.50536 25.423000000000002 200 200 200
4207307.58838 7543979.38136 26.473 200 200 200
4207307.20738 7543981.45036 27.193 200 200 200
4207306.75438 7543978.40836 25.364 200 200 200
4207308.47538 7543986.856360001 26.825 200 200 200
4207309.234379999 7543986.254360001 27.466 200 200 200
4207307.91538 7543984.48636 27.211 200 200 200
4207307.58538 7543982.22936 27.303 200 200 200
4207308.70938 7543986.90036 26.217 200 200 200
4207309.39738 7543985.14336 27.443 200 200 200
4207308.87338 7543986.29836 27.475 200 200 200
4207308.0703799995 7543985.05036 27.172 200 200 200
4207307.666379999 7543987.01736 25.169 200 200 200
4207306.26738 7543983.31536 24.784 200 200 200
4207307.82238 7543983.87636 27.504 200 200 200
4207309.03438 7543985.57136 27.405 200 200 200
4207307.44638 7543986.86036 24.905 200 200 200
4207308.854379999 7543985.72836 27.401 200 200 200
4207307.09738 7543986.52436 26.979 200 200 200
4207308.22838 7543984.6513600005 27.272000000000002 200 200 200
4207307.28238 7543985.19936 27.088 200 200 200
4207308.18838 7543982.12736 27.701 200 200 200
4207306.01538 7543984.83036 27.357 200 200 200
4207306.41838 7543986.55436 27.101 200 200 200
4207307.06138 7543983.095360001 27.405 200 200 200
4207307.33538 7543985.87536 25.043 200 200 200
4207306.08338 7543985.07436 27.301000000000002 200 200 200
4207307.479379999 7543986.15936 25.772 200 200 200
4207306.58038 7543985.18736 27.262 200 200 200
4207308.541379999 7543985.09036 27.377000000000002 200 200 200
4207308.44138 7543986.99736 27.456 200 200 200
4207308.04838 7543984.34336 27.392 200 200 200
4207307.50938 7543986.828360001 26.517 200 200 200
4207306.46538 7543984.28536 27.601 200 200 200
4207306.94138 7543986.98536 26.814 200 200 200
4207306.35838 7543983.40336 24.744 200 200 200
4207307.42638 7543982.38836 27.298000000000002 200 200 200
4207307.70538 7543986.53436 27.083000000000002 200 200 200
4207306.10638 7543984.58736 27.427 200 200 200
4207306.62338 7543987.01336 26.901 200 200 200
4207307.35738 7543987.07136 26.142 200 200 200
4207308.17038 7543982.39536 27.378 200 200 200
4207307.780379999 7543984.92736 27.072 200 200 200
4207308.19038 7543986.39736 26.455 200 200 200
4207307.24338 7543982.976360001 27.308 200 200 200
4207307.66538 7543986.9583600005 25.272 200 200 200
4207307.87338 7543987.44036 24.779 200 200 200
4207306.172379999 7543984.28136 27.562 200 200 200
4207309.37538 7543985.32036 27.388 200 200 200
4207306.712379999 7543986.66636 27.062 200 200 200
4207306.26138 7543985.3103600005 25.977 200 200 200
4207308.42438 7543985.97236 27.38 200 200 200
4207306.240379999 7543984.70236 27.45 200 200 200
4207308.05538 7543982.71536 27.407 200 200 200
4207306.865379999 7543984.947360001 25.064 200 200 200
4207306.984379999 7543986.65836 26.962 200 200 200
4207306.3093799995 7543985.368360001 25.836 200 200 200
4207306.23838 7543986.08536 27.2 200 200 200
4207307.81038 7543987.09136 24.66 200 200 200
4207306.46638 7543984.03536 27.595 200 200 200
4207313.57738 7543978.90836 27.353 200 200 200
4207312.06838 7543978.47336 27.356 200 200 200
4207311.29838 7543979.15336 25.978 200 200 200
4207310.70838 7543978.01636 26.51 200 200 200
4207312.30538 7543977.26936 25.561 200 200 200
4207315.501379999 7543978.845360001 25.577 200 200 200
4207315.24838 7543979.86036 26.983 200 200 200
4207310.72738 7543978.76336 26.504 200 200 200
4207315.007379999 7543978.21336 25.628 200 200 200
4207314.10838 7543977.70436 25.547 200 200 200
4207313.2013799995 7543978.33836 27.035 200 200 200
4207312.19038 7543977.515360001 26.974 200 200 200
4207311.21938 7543979.1853600005 26.674 200 200 200
4207315.74138 7543977.2253600005 25.123 200 200 200
4207314.55138 7543979.157360001 26.997 200 200 200
4207312.922379999 7543977.32336 25.068 200 200 200
4207315.933379999 7543978.50136 25.511 200 200 200
4207311.422379999 7543976.1743600005 24.645 200 200 200
4207316.087379999 7543976.92736 24.777 200 200 200
4207314.37238 7543978.18136 25.841 200 200 200
4207312.95438 7543977.2993600005 25.906 200 200 200
4207313.09038 7543978.06836 27.054000000000002 200 200 200
4207311.69438 7543977.78036 26.914 200 200 200
4207313.43738 7543977.84736 26.516000000000002 200 200 200
4207316.08938 7543976.51836 24.749000000000002 200 200 200
4207313.17338 7543978.765360001 27.278 200 200 200
4207313.683379999 7543978.25736 26.533 200 200 200
4207314.81238 7543979.21036 26.249000000000002 200 200 200
4207311.08538 7543978.46736 26.767 200 200 200
4207314.706379999 7543979.13336 25.844 200 200 200
4207313.75338 7543978.493360001 26.375 200 200 200
4207311.10738 7543977.0093600005 25.764 200 200 200
4207313.14838 7543977.23536 25.084 200 200 200
4207313.91238 7543979.413360001 27.431 200 200 200
4207311.06238 7543977.08036 25.812 200 200 200
4207311.91038 7543978.62836 27.326 200 200 200
4207316.03538 7543977.24736 25.099 200 200 200
4207315.25438 7543978.71036 25.604 200 200 200
4207310.42438 7543977.146360001 26.112000000000002 200 200 200
4207313.780379999 7543978.03036 26.247 200 200 200
4207313.22038 7543978.73536 27.178 200 200 200
4207315.73338 7543977.7083600005 25.517 200 200 200
4207312.37338 7543977.42036 26.914 200 200 200
4207311.388379999 7543978.32636 27.546 200 200 200
4207314.17438 7543978.61636 26.767 200 200 200
4207314.90738 7543979.54236 27.281 200 200 200
4207315.30738 7543980.54236 27.322 200 200 200
4207313.99838 7543979.697360001 27.576 200 200 200
4207312.56238 7543978.41436 27.448 200 200 200
4207313.200379999 7543977.2253600005 24.666 200 200 200
4207315.95738 7543977.67036 25.595 200 200 200
4207315.92538 7543979.31436 25.757 200 200 200
4207316.14838 7543977.38236 25.083 200 200 200
4207312.85538 7543977.69236 26.301000000000002 200 200 200
4207313.39738 7543978.839360001 27.341 200 200 200
4207315.32238 7543980.8103600005 26.402 200 200 200
4207312.82338 7543977.345360001 25.637 200 200 200
4207314.604379999 7543978.85936 26.662 200 200 200
4207315.450379999 7543979.51436 25.763 200 200 200
4207315.14538 7543980.2593600005 26.313000000000002 200 200 200
4207310.916379999 7543978.5433600005 27.437 200 200 200
4207315.94938 7543979.26436 25.721 200 200 200
4207313.37338 7543979.07136 27.424 200 200 200
4207312.01138 7543977.59936 26.882 200 200 200
4207311.34738 7543978.26736 27.357 200 200 200
4207311.38138 7543976.84236 25.642 200 200 200
4207314.98238 7543977.140360001 24.639 200 200 200
4207313.73138 7543979.23836 27.51 200 200 200
4207310.84638 7543985.96636 26.898 200 200 200
4207317.11438 7543981.95436 28.197 200 200 200
4207316.66238 7543981.57936 28.343 200 200 200
4207316.14338 7543981.46836 28.394000000000002 200 200 200
4207316.61438 7543982.03636 28.407 200 200 200
4207316.39638 7543986.62836 28.103 200 200 200
4207316.7523799995 7543984.59136 28.941 200 200 200
4207316.57738 7543987.88836 27.718 200 200 200
4207316.69338 7543983.97336 28.576 200 200 200
4207316.49438 7543983.33536 28.527 200 200 200
4207316.98938 7543985.95236 27.844 200 200 200
4207316.65038 7543984.16436 28.418 200 200 200
4207316.166379999 7543983.65536 29.177 200 200 200
4207317.07838 7543986.31236 27.810000000000002 200 200 200
4207316.649379999 7543984.30136 28.44 200 200 200
4207316.39638 7543986.828360001 28.060000000000002 200 200 200
4207316.66838 7543987.68736 27.748 200 200 200
4207316.501379999 7543985.40436 28.945 200 200 200
4207316.626379999 7543983.76836 28.580000000000002 200 200 200
4207316.67038 7543984.50636 28.448 200 200 200
4207316.83838 7543982.62436 28.394000000000002 200 200 200
4207317.11138 7543982.19336 28.368000000000002 200 200 200
4207316.25538 7543984.06536 29.192 200 200 200
4207316.848379999 7543987.0433600005 27.905 200 200 200
4207317.01038 7543985.91436 27.933 200 200 200
4207317.01038 7543985.40636 28.073 200 200 200
4207316.524379999 7543985.6003600005 28.852 200 200 200
4207316.14038 7543984.24936 29.251 200 200 200
4207316.75338 7543985.16136 28.711000000000002 200 200 200
4207317.10838 7543982.6003600005 28.371000000000002 200 200 200
4207316.734379999 7543984.74436 28.595 200 200 200
4207316.76038 7543985.17336 28.305 200 200 200
4207320.229379999 7543979.20436 24.73 200 200 200
4207318.96438 7543981.595360001 25.565 200 200 200
4207318.43838 7543982.04236 27.25 200 200 200
4207317.32138 7543981.01136 26.839 200 200 200
4207319.40938 7543980.25336 24.89 200 200 200
4207317.26538 7543977.63336 25.628 200 200 200
4207317.46138 7543979.953360001 25.471 200 200 200
4207320.96038 7543981.4183600005 24.92 200 200 200
4207320.60538 7543979.90436 24.969 200 200 200
4207317.81838 7543977.82736 24.904 200 200 200
4207316.94738 7543978.79536 25.459 200 200 200
4207317.33438 7543978.40636 25.381 200 200 200
4207320.16538 7543978.123360001 24.795 200 200 200
4207318.72038 7543978.13936 24.799 200 200 200
4207320.3093799995 7543981.86936 24.652 200 200 200
4207317.10838 7543981.38836 27.335 200 200 200
4207319.14238 7543981.78136 25.612000000000002 200 200 200
4207319.92538 7543980.69536 24.996000000000002 200 200 200
4207316.26538 7543977.42836 24.791 200 200 200
4207317.41238 7543980.37136 25.6 200 200 200
4207316.26738 7543978.964360001 25.616 200 200 200
4207320.86238 7543979.02036 24.662 200 200 200
4207317.84038 7543981.12436 26.826 200 200 200
4207316.55638 7543979.40336 25.733 200 200 200
4207320.21638 7543981.34636 24.918 200 200 200
4207319.33338 7543981.74036 25.069000000000003 200 200 200
4207320.29838 7543979.02236 24.697 200 200 200
4207317.21038 7543980.96136 26.789 200 200 200
4207319.422379999 7543981.92136 25.077 200 200 200
4207321.32438 7543980.25336 25.078 200 200 200
4207319.729379999 7543979.83836 24.763 200 200 200
4207318.12838 7543981.2593600005 27.09 200 200 200
4207320.02938 7543978.36436 24.712 200 200 200
4207318.02038 7543977.94336 24.927 200 200 200
4207316.3263799995 7543980.79636 27.054000000000002 200 200 200
4207318.42538 7543978.74536 24.732 200 200 200
4207316.399379999 7543979.31236 25.722 200 200 200
4207317.14338 7543979.828360001 25.624000000000002 200 200 200
4207318.17738 7543981.19536 26.839 200 200 200
4207316.20238 7543978.66436 25.547 200 200 200
4207318.28238 7543979.73936 25.024 200 200 200
4207317.63338 7543981.21536 25.681 200 200 200
4207316.212379999 7543977.22136 25.329 200 200 200
4207319.2183799995 7543977.93736 24.782 200 200 200
4207319.97638 7543979.82036 24.815 200 200 200
4207317.916379999 7543980.09336 25.216 200 200 200
4207317.132379999 7543980.61136 26.099 200 200 200
4207318.50938 7543981.60736 27.16 200 200 200
4207318.37938 7543979.00036 24.827 200 200 200
4207317.87338 7543979.67936 25.15 200 200 200
4207320.69338 7543980.62536 24.926000000000002 200 200 200
4207317.57438 7543980.28736 25.4 200 200 200
4207318.62038 7543982.03436 27.137 200 200 200
4207317.97538 7543981.17736 25.469 200 200 200
4207316.66438 7543977.50736 25.197 200 200 200
4207318.33438 7543981.31536 26.913 200 200 200
4207316.35138 7543979.612360001 25.79 200 200 200
4207318.34638 7543980.265360001 25.075 200 200 200
4207317.01638 7543978.237360001 25.536 200 200 200
4207316.70438 7543980.93136 27.307000000000002 200 200 200
4207319.29038 7543981.305360001 25.016 200 200 200
4207319.48138 7543979.88236 24.76 200 200 200
4207318.60038 7543979.57036 24.865000000000002 200 200 200
4207321.257379999 7543981.26936 24.748 200 200 200
4207318.76638 7543977.7423600005 24.923000000000002 200 200 200
4207317.808379999 7543978.80936 25.285 200 200 200
4207319.490379999 7543984.72236 27.037 200 200 200
4207320.04538 7543982.86436 26.693 200 200 200
4207319.92438 7543983.19036 27.103 200 200 200
4207318.08638 7543986.163360001 26.995 200 200 200
4207318.462379999 7543986.203360001 24.612000000000002 200 200 200
4207320.52038 7543985.54536 24.486 200 200 200
4207319.41838 7543982.447360001 25.153 200 200 200
4207318.11938 7543986.40336 24.884 200 200 200
4207319.07838 7543984.80036 26.019 200 200 200
4207319.405379999 7543982.66036 27.278 200 200 200
4207318.44838 7543985.493360001 27.089 200 200 200
4207319.64338 7543984.19036 27.445 200 200 200
4207317.93038 7543987.17236 25.168 200 200 200
4207320.348379999 7543983.11336 24.647 200 200 200
4207319.29538 7543985.23936 26.415 200 200 200
4207317.49738 7543986.27836 27.052 200 200 200
4207317.314379999 7543984.38036 27.694 200 200 200
4207318.234379999 7543986.45936 24.718 200 200 200
4207319.59138 7543982.72136 26.897000000000002 200 200 200
4207319.47138 7543985.19336 26.696 200 200 200
4207317.655379999 7543986.101360001 27.095 200 200 200
4207317.08538 7543987.19236 27.192 200 200 200
4207316.63638 7543987.84236 26.844 200 200 200
4207317.03938 7543987.17036 27.205000000000002 200 200 200
4207319.73838 7543983.57436 27.384 200 200 200
4207320.257379999 7543982.78736 24.819000000000003 200 200 200
4207319.44238 7543982.44336 25.09 200 200 200
4207317.9283799995 7543985.62836 27.121000000000002 200 200 200
4207319.41938 7543982.129360001 25.136 200 200 200
4207319.35638 7543985.46936 26.739 200 200 200
4207319.94338 7543984.34136 27.037 200 200 200
4207319.10338 7543984.71236 27.201 200 200 200
4207319.18538 7543983.32536 25.384 200 200 200
4207319.15238 7543983.30236 27.4 200 200 200
4207319.03338 7543984.26936 24.738 200 200 200
4207316.47438 7543987.42936 25.902 200 200 200
4207320.632379999 7543985.88336 24.466 200 200 200
4207317.31538 7543984.44436 27.642 200 200 200
4207319.82838 7543983.55036 27.347 200 200 200
4207317.81838 7543987.6173600005 25.081 200 200 200
4207318.60638 7543984.98536 27.242 200 200 200
4207319.280379999 7543982.743360001 25.183 200 200 200
4207319.35538 7543984.061360001 25.823 200 200 200
4207319.38038 7543985.3503600005 26.679000000000002 200 200 200
4207319.234379999 7543984.69636 26.149 200 200 200
4207318.33538 7543986.24436 26.867 200 200 200
4207319.62438 7543984.6173600005 27.13 200 200 200
4207319.450379999 7543982.8843600005 27.247 200 200 200
4207317.28938 7543986.52236 27.311 200 200 200
4207319.200379999 7543982.69036 27.39 200 200 200
4207317.20538 7543983.70136 27.685000000000002 200 200 200
4207320.56338 7543986.29036 24.468 200 200 200
4207317.36338 7543987.64936 25.217 200 200 200
4207319.88738 7543985.92836 24.499000000000002 200 200 200
4207319.32738 7543982.78136 25.094 200 200 200
4207319.013379999 7543984.89136 27.196 200 200 200
4207320.04438 7543983.46836 26.589 200 200 200
4207317.405379999 7543986.226360001 25.823 200 200 200
4207317.47538 7543984.97336 27.439 200 200 200
4207317.16038 7543987.54036 25.282 200 200 200
4207317.81838 7543986.50336 26.731 200 200 200
4207318.76538 7543984.339360001 27.36 200 200 200
4207317.32338 7543983.39136 27.465 200 200 200
4207319.9453799995 7543983.26836 27.215 200 200 200
4207317.40738 7543984.686360001 27.535 200 200 200
4207317.44738 7543986.328360001 27.406 200 200 200
4207320.65638 7543985.4753600005 24.464 200 200 200
4207316.63638 7543986.93836 25.7 200 200 200
4207317.46038 7543983.470360001 27.337 200 200 200
4207317.43138 7543986.46936 26.907 200 200 200
4207316.86438 7543986.73336 25.681 200 200 200
4207316.65938 7543987.22836 25.667 200 200 200
4207318.20738 7543987.589360001 24.716 200 200 200
4207319.23838 7543984.21036 25.996000000000002 200 200 200
4207318.93538 7543982.28636 27.145 200 200 200
4207318.69638 7543985.2933600005 27.121000000000002 200 200 200
4207318.07238 7543986.36336 24.961 200 200 200
4207319.13638 7543987.510360001 24.519 200 200 200
4207319.38938 7543982.47136 26.89 200 200 200
4207318.83938 7543982.77536 27.323 200 200 200
4207319.149379999 7543985.00036 27.13 200 200 200
4207319.41838 7543984.476360001 27.348 200 200 200
4207316.837379999 7543987.43436 27.134 200 200 200
4207320.21538 7543983.51436 27.16 200 200 200
4207319.37338 7543984.69636 27.291 200 200 200
4207319.38938 7543982.20936 25.577 200 200 200
4207319.58838 7543982.91636 27.07 200 200 200
4207306.52338 7543983.260360001 24.355 200 200 200
4207306.55438 7543987.095360001 24.185000000000002 200 200 200
4207315.06238 7543976.79636 24.002000000000002 200 200 200
4207311.4513799995 7543976.65336 24.113 200 200 200
4207313.3603799995 7543977.14436 24.504 200 200 200
4207313.76838 7543976.703360001 23.186 200 200 200
4207314.882379999 7543976.84036 24.012 200 200 200
4207316.092379999 7543976.37536 24.639 200 200 200
4207311.80638 7543976.8163600005 24.441000000000003 200 200 200
4207311.67538 7543976.81836 24.186 200 200 200
4207312.60838 7543976.89536 23.682000000000002 200 200 200
4207314.48138 7543976.50036 23.740000000000002 200 200 200
4207314.67138 7543977.14436 24.435000000000002 200 200 200
4207312.75438 7543984.26936 22.474 200 200 200
4207310.12838 7543976.27236 21.047 200 200 200
4207308.94838 7543978.03436 18.195 200 200 200
4207308.79538 7543976.788360001 18.187 200 200 200
4207309.37238 7543978.45536 18.351 200 200 200
4207309.8943799995 7543976.90336 21.322000000000003 200 200 200
4207309.03938 7543979.00236 19.287 200 200 200
4207309.81938 7543983.51836 19.979 200 200 200
4207308.88938 7543984.40636 20.091 200 200 200
4207306.36138 7543985.69236 18.461 200 200 200
4207306.84638 7543983.84236 18.218 200 200 200
4207308.53438 7543985.06236 19.541 200 200 200
4207307.11138 7543986.61636 19.229 200 200 200
4207306.02338 7543984.26936 18.786 200 200 200
4207307.831379999 7543985.96036 19.477 200 200 200
4207307.14038 7543986.40936 18.904 200 200 200
4207307.85638 7543985.86336 19.403 200 200 200
4207306.75638 7543986.63036 18.846 200 200 200
4207309.50438 7543983.62136 19.873 200 200 200
4207307.96538 7543987.10336 17.89 200 200 200
4207306.04438 7543984.20636 18.839 200 200 200
4207310.97738 7543979.83636 19.15 200 200 200
4207312.63638 7543984.03336 20.057000000000002 200 200 200
4207311.88038 7543983.93936 18.039 200 200 200
4207312.19338 7543984.12836 19.57 200 200 200
4207312.26238 7543983.78436 20.936 200 200 200
4207312.48838 7543983.88236 18.145 200 200 200
4207312.25338 7543984.03136 20.055 200 200 200
4207312.439379999 7543984.16236 19.698 200 200 200
4207320.456379999 7543980.79836 22.841 200 200 200
4207321.13638 7543981.2933600005 23.897 200 200 200
4207317.53538 7543977.31536 24.446 200 200 200
4207317.467379999 7543976.98336 24.53 200 200 200
4207316.22738 7543976.44236 24.638 200 200 200
4207321.27838 7543981.23536 23.443 200 200 200
4207321.2013799995 7543979.510360001 24.538 200 200 200
4207318.30538 7543977.72436 24.135 200 200 200
4207321.11438 7543981.37836 23.832 200 200 200
4207317.24238 7543976.80236 24.558 200 200 200
4207320.26738 7543978.59836 23.934 200 200 200
4207316.83238 7543977.41636 24.604 200 200 200
4207317.24338 7543976.59336 24.5 200 200 200
4207316.99338 7543977.24536 24.457 200 200 200
4207317.76538 7543977.49436 24.113 200 200 200
4207321.0593799995 7543984.70036 23.508 200 200 200
4207320.83438 7543983.47836 23.804000000000002 200 200 200
4207320.967379999 7543984.75636 23.633 200 200 200
4207320.72638 7543985.157360001 24.446 200 200 200
4207320.93238 7543982.44336 23.589 200 200 200
4207321.1843799995 7543982.20736 23.431 200 200 200
4207320.86138 7543982.72336 23.708 200 200 200
4207320.81838 7543982.45136 23.702 200 200 200
4207320.3203799995 7543985.19936 24.418 200 200 200
4207321.10738 7543984.64536 23.371000000000002 200 200 200
4207320.35538 7543983.72736 24.099 200 200 200
4207319.240379999 7543984.33736 24.446 200 200 200
4207321.234379999 7543985.12636 23.727 200 200 200
4207321.13738 7543983.05936 23.346 200 200 200
4207320.791379999 7543982.36436 24.009 200 200 200
4207320.75538 7543985.70436 23.901 200 200 200
4207321.06538 7543983.98536 23.323 200 200 200
4207320.626379999 7543982.23836 24.442 200 200 200
4207320.90438 7543983.81836 23.529 200 200 200
4207321.15838 7543983.19636 23.369 200 200 200
4207320.78938 7543984.2083600005 23.595 200 200 200
4207320.58638 7543982.88036 23.969 200 200 200
4207321.20838 7543982.55236 23.233 200 200 200
4207319.44438 7543984.31336 24.422 200 200 200
4207321.479379999 7543982.20136 23.357 200 200 200
4207309.49938 7543988.93936 28.491 200 200 200
4207310.10638 7543988.32936 28.763 200 200 200
4207310.10038 7543989.777360001 28.765 200 200 200
4207308.990379999 7543987.981360001 28.145 200 200 200
4207310.05738 7543989.73936 28.589000000000002 200 200 200
4207309.84738 7543989.53736 27.743000000000002 200 200 200
4207309.456379999 7543987.97136 28.578 200 200 200
4207310.03538 7543988.78436 28.802 200 200 200
4207309.7013799995 7543988.964360001 28.517 200 200 200
4207309.09938 7543988.33136 28.263 200 200 200
4207310.189379999 7543989.73536 28.818 200 200 200
4207309.20538 7543989.00836 28.526 200 200 200
4207309.24338 7543988.91136 27.59 200 200 200
4207314.05138 7543989.62236 28.612000000000002 200 200 200
4207313.115379999 7543989.98036 29.169 200 200 200
4207312.48838 7543989.17936 29.097 200 200 200
4207314.54338 7543988.31536 29.231 200 200 200
4207314.72738 7543988.140360001 29.008 200 200 200
4207315.16938 7543988.96636 27.988 200 200 200
4207311.04038 7543988.97236 29.412 200 200 200
4207315.2183799995 7543988.81736 27.814 200 200 200
4207315.416379999 7543988.26136 28.209 200 200 200
4207314.43038 7543988.69236 29.145 200 200 200
4207315.04838 7543988.36636 28.699 200 200 200
4207312.740379999 7543988.561360001 29.0 200 200 200
4207314.25938 7543988.84736 28.519000000000002 200 200 200
4207312.73738 7543988.976360001 29.091 200 200 200
4207315.354379999 7543988.81336 27.752000000000002 200 200 200
4207315.39538 7543988.01136 28.203 200 200 200
4207312.06738 7543988.19236 28.929000000000002 200 200 200
4207310.888379999 7543989.25336 28.96 200 200 200
4207313.95938 7543988.362360001 28.998 200 200 200
4207314.27638 7543989.77936 28.584 200 200 200
4207315.34538 7543987.99136 28.52 200 200 200
4207314.939379999 7543988.80936 28.308 200 200 200
4207311.45238 7543989.4753600005 28.894000000000002 200 200 200
4207314.46538 7543989.521360001 28.173000000000002 200 200 200
4207314.899379999 7543988.54136 29.493000000000002 200 200 200
4207311.36238 7543988.521360001 29.145 200 200 200
4207314.57138 7543988.50536 28.77 200 200 200
4207314.47138 7543988.50736 29.378 200 200 200
4207315.55638 7543988.55736 27.937 200 200 200
4207312.08538 7543988.76836 29.067 200 200 200
4207312.17938 7543988.03736 28.984 200 200 200
4207311.10838 7543989.169360001 29.331 200 200 200
4207315.8943799995 7543988.180360001 28.011 200 200 200
4207313.916379999 7543989.419360001 28.629 200 200 200
4207313.825379999 7543989.31436 28.746000000000002 200 200 200
4207313.615379999 7543989.40836 29.072 200 200 200
4207312.08038 7543989.811360001 27.659 200 200 200
4207313.37438 7543988.58136 28.926000000000002 200 200 200
4207313.8943799995 7543989.28436 28.645 200 200 200
4207313.94038 7543989.1913600005 28.61 200 200 200
4207312.01438 7543989.81736 28.901 200 200 200
4207307.35138 7543988.57936 26.042 200 200 200
4207309.0703799995 7543989.84936 26.844 200 200 200
4207309.2693799995 7543989.98036 27.082 200 200 200
4207307.82238 7543989.70236 25.915 200 200 200
4207308.83038 7543988.12836 26.847 200 200 200
4207308.99838 7543989.84736 27.122 200 200 200
4207308.00038 7543989.25136 26.206 200 200 200
4207308.22438 7543989.90036 26.128 200 200 200
4207307.575379999 7543989.78736 25.861 200 200 200
4207306.32238 7543989.11336 25.427 200 200 200
4207308.42338 7543988.67836 26.679000000000002 200 200 200
4207308.274379999 7543988.197360001 26.335 200 200 200
4207308.81838 7543988.82136 27.337 200 200 200
4207308.60538 7543989.25336 26.501 200 200 200
4207307.19938 7543988.976360001 25.638 200 200 200
4207307.73038 7543989.93436 25.985 200 200 200
4207308.18038 7543988.90336 26.380000000000003 200 200 200
4207308.859379999 7543987.96536 26.508000000000003 200 200 200
4207309.10838 7543988.5833600005 24.859 200 200 200
4207308.59638 7543989.18736 27.086 200 200 200
4207307.03538 7543989.578360001 25.838 200 200 200
4207309.13438 7543988.57136 24.707 200 200 200
4207315.82338 7543988.20736 25.487000000000002 200 200 200
4207314.984379999 7543988.76636 26.889 200 200 200
4207314.35238 7543989.01836 25.522 200 200 200
4207315.234379999 7543989.42736 26.658 200 200 200
4207312.12438 7543989.53736 26.474 200 200 200
4207314.21438 7543988.98236 25.649 200 200 200
4207314.51438 7543989.07036 25.306 200 200 200
4207315.94038 7543989.36436 24.939 200 200 200
4207311.314379999 7543989.78336 26.198 200 200 200
4207311.27038 7543989.714360001 26.186 200 200 200
4207315.876379999 7543989.63036 24.602 200 200 200
4207315.3033799995 7543989.36436 25.252000000000002 200 200 200
4207313.8773799995 7543989.83736 26.755 200 200 200
4207315.84438 7543988.76436 26.817 200 200 200
4207315.1843799995 7543988.88136 25.758000000000003 200 200 200
4207312.20338 7543989.99036 27.047 200 200 200
4207315.02938 7543989.75136 25.305 200 200 200
4207315.46138 7543988.5833600005 26.832 200 200 200
4207313.21338 7543989.66036 27.403 200 200 200
4207315.67038 7543989.62236 24.792 200 200 200
4207315.48338 7543989.76336 25.155 200 200 200
4207312.49938 7543989.90836 26.873 200 200 200
4207316.13938 7543988.53536 25.341 200 200 200
4207314.80438 7543989.05436 26.805 200 200 200
4207313.71338 7543989.13736 25.909 200 200 200
4207316.07238 7543988.53336 25.315 200 200 200
4207316.5703799995 7543988.106360001 26.761 200 200 200
4207317.04338 7543989.8843600005 24.894 200 200 200
4207316.507379999 7543989.481360001 24.673000000000002 200 200 200
4207317.751379999 7543988.652360001 24.712 200 200 200
4207316.38738 7543987.89536 25.535 200 200 200
4207316.63938 7543988.76636 25.059 200 200 200
4207316.15938 7543988.9013600005 26.803 200 200 200
4207316.729379999 7543988.25736 25.224 200 200 200
4207316.75338 7543989.356360001 24.804000000000002 200 200 200
4207316.25038 7543988.29736 26.894000000000002 200 200 200
4207316.70738 7543989.00836 24.977 200 200 200
4207316.21138 7543989.004360001 24.962 200 200 200
4207318.882379999 7543988.55336 24.556 200 200 200
4207319.22038 7543988.37436 24.575 200 200 200
4207317.61338 7543989.37436 24.706 200 200 200
4207318.49838 7543988.243360001 24.663 200 200 200
4207316.23838 7543989.606360001 24.554000000000002 200 200 200
4207307.729379999 7543987.75636 23.908 200 200 200
4207307.46438 7543988.32736 23.398 200 200 200
4207310.85138 7543988.21136 23.216 200 200 200
4207306.18138 7543979.294360001 15.955 200 200 200
4207308.85238 7543976.20436 17.656 200 200 200
4207306.98738 7543978.06236 16.649 200 200 200
4207308.53138 7543980.86036 15.295 200 200 200
4207308.774379999 7543979.419360001 17.399 200 200 200
4207309.35538 7543978.62636 17.929000000000002 200 200 200
4207309.19138 7543977.351360001 17.275 200 200 200
4207307.88938 7543980.6853600005 16.006 200 200 200
4207308.27638 7543977.29736 18.07 200 200 200
4207307.547379999 7543978.17736 16.916 200 200 200
4207306.18238 7543980.05736 17.027 200 200 200
4207306.43238 7543977.31536 14.94 200 200 200
4207308.18638 7543980.55636 15.77 200 200 200
4207306.09438 7543980.055360001 15.568 200 200 200
4207308.63938 7543977.53336 17.887999999999998 200 200 200
4207308.65638 7543979.7593600005 16.274 200 200 200
4207309.23938 7543979.03736 18.006999999999998 200 200 200
4207308.66438 7543980.407360001 15.573 200 200 200
4207308.98138 7543978.53536 17.371000000000002 200 200 200
4207307.399379999 7543977.12636 17.968 200 200 200
4207308.18738 7543976.80036 18.094 200 200 200
4207308.234379999 7543983.10736 17.723 200 200 200
4207308.60538 7543982.00236 16.028 200 200 200
4207309.26538 7543981.55736 15.789 200 200 200
4207306.96938 7543984.50036 17.365000000000002 200 200 200
4207309.12538 7543984.69836 16.624000000000002 200 200 200
4207309.246379999 7543984.32736 16.189999999999998 200 200 200
4207309.450379999 7543983.81436 16.279 200 200 200
4207308.34638 7543984.98836 17.183 200 200 200
4207306.15038 7543981.61336 17.229 200 200 200
4207307.99738 7543985.09236 16.494 200 200 200
4207307.899379999 7543984.12836 17.201999999999998 200 200 200
4207306.06738 7543982.33236 16.603 200 200 200
4207306.08838 7543982.31836 16.717 200 200 200
4207308.024379999 7543986.70736 17.189999999999998 200 200 200
4207310.42438 7543981.96236 15.138 200 200 200
4207308.35138 7543985.01436 16.941000000000003 200 200 200
4207308.09538 7543985.2933600005 17.326 200 200 200
4207307.24138 7543984.38636 17.344 200 200 200
4207306.3033799995 7543986.86036 17.494 200 200 200
4207308.14638 7543985.21936 16.961 200 200 200
4207308.325379999 7543985.98436 16.878999999999998 200 200 200
4207308.03138 7543982.72736 17.795 200 200 200
4207308.61638 7543982.71936 17.938000000000002 200 200 200
4207309.09638 7543986.322360001 16.545 200 200 200
4207306.450379999 7543982.646360001 16.559 200 200 200
4207310.57338 7543980.146360001 16.198 200 200 200
4207310.81938 7543981.75236 15.894 200 200 200
4207311.78538 7543982.33036 15.986 200 200 200
4207312.51438 7543983.75736 16.538 200 200 200
4207312.55038 7543983.71336 15.715 200 200 200
4207312.52138 7543983.413360001 16.217 200 200 200
4207312.558379999 7543983.80836 16.637999999999998 200 200 200
4207312.501379999 7543983.57636 15.972 200 200 200
4207312.58338 7543983.68136 16.439 200 200 200
4207312.02338 7543983.88636 14.77 200 200 200
4207310.82438 7543982.28036 15.412 200 200 200
4207311.7353799995 7543983.8103600005 15.835 200 200 200
4207312.56238 7543983.34136 16.447000000000003 200 200 200
4207312.41438 7543983.16436 15.931000000000001 200 200 200
4207312.24738 7543983.868360001 16.242 200 200 200
4207312.38638 7543983.52436 14.755 200 200 200
4207311.88538 7543983.919360001 16.34 200 200 200
4207310.79438 7543982.248360001 15.881 200 200 200
4207306.797379999 7543977.07436 14.745000000000001 200 200 200
4207306.12938 7543981.93236 11.527999999999999 200 200 200
4207312.28938 7543983.470360001 13.792000000000002 200 200 200
4207311.91238 7543983.86636 11.916 200 200 200
4207312.33638 7543983.77836 12.238 200 200 200
4207312.23838 7543983.88036 12.652999999999999 200 200 200
4207312.4343799995 7543983.50836 14.553 200 200 200
4207312.25938 7543983.92736 14.123000000000001 200 200 200
4207312.48138 7543983.55036 14.489 200 200 200
4207311.82338 7543984.00536 14.563 200 200 200
4207311.82738 7543983.96936 11.52 200 200 200
4207312.34738 7543983.4353600005 13.033000000000001 200 200 200
4207312.42038 7543983.44936 14.085 200 200 200
4207312.4343799995 7543983.385360001 13.262 200 200 200
4207311.97838 7543983.87436 12.030999999999999 200 200 200
4207312.30438 7543983.68936 12.835999999999999 200 200 200
4207312.30638 7543983.8503600005 14.011 200 200 200
4207306.08838 7543976.09736 10.125 200 200 200
4207307.53138 7543979.004360001 10.745000000000001 200 200 200
4207306.10538 7543979.777360001 10.870999999999999 200 200 200
4207307.03538 7543978.40036 10.872 200 200 200
4207306.89238 7543980.36536 10.822 200 200 200
4207310.59538 7543976.48836 10.253 200 200 200
4207306.22538 7543978.23536 10.821000000000002 200 200 200
4207306.47138 7543978.55736 10.864999999999998 200 200 200
4207308.587379999 7543976.46036 10.306000000000001 200 200 200
4207308.65838 7543976.02536 10.229 200 200 200
4207310.32438 7543976.11936 10.463000000000001 200 200 200
4207310.36738 7543976.50236 10.454 200 200 200
4207306.66338 7543980.39936 10.985 200 200 200
4207307.03238 7543976.226360001 10.279 200 200 200
4207306.43838 7543981.01336 10.753 200 200 200
4207307.03238 7543981.56336 10.236 200 200 200
4207310.9173799995 7543976.02336 10.076 200 200 200
4207312.48138 7543983.606360001 10.315000000000001 200 200 200
4207311.82738 7543983.88636 10.166 200 200 200
4207312.41238 7543983.67536 10.350999999999999 200 200 200
4207312.39638 7543983.129360001 11.443000000000001 200 200 200
4207312.49238 7543983.54836 11.027000000000001 200 200 200
4207311.89538 7543983.91036 10.178 200 200 200
4207312.44038 7543983.36536 10.144000000000002 200 200 200
4207312.38438 7543983.24036 10.844000000000001 200 200 200
4207311.42638 7543983.58036 10.044 200 200 200
4207307.388379999 7543989.6743600005 15.236 200 200 200
4207308.29438 7543988.93136 15.234 200 200 200
4207307.86638 7543988.57136 15.266 200 200 200
4207310.34538 7543989.39236 15.234 200 200 200
4207309.19338 7543989.81336 15.179 200 200 200
4207306.44038 7543988.30336 15.684000000000001 200 200 200
4207308.314379999 7543989.07436 15.307 200 200 200
4207307.85838 7543989.873360001 15.437 200 200 200
4207306.59538 7543988.2993600005 13.033999999999999 200 200 200
4207310.25338 7543988.78636 12.712 200 200 200
4207309.75838 7543988.24536 12.761 200 200 200
4207309.96538 7543987.72136 12.699000000000002 200 200 200
4207308.31638 7543987.34136 14.297 200 200 200
4207308.17538 7543988.078360001 13.035 200 200 200
4207308.80538 7543988.06836 13.166 200 200 200
4207307.8603799995 7543988.0093600005 13.010000000000002 200 200 200
4207310.58038 7543989.79736 13.171 200 200 200
4207311.325379999 7543987.981360001 12.205000000000002 200 200 200
4207310.86938 7543988.33536 12.408999999999999 200 200 200
