4207291.76838 7543981.402360001 27.658 200 200 200
4207291.44338 7543981.88736 28.101 200 200 200
4207290.8603799995 7543981.55736 27.954 200 200 200
4207290.72538 7543981.5833600005 27.991 200 200 200
4207291.03238 7543983.63336 29.311 200 200 200
4207292.825379999 7543982.197360001 27.657 200 200 200
4207292.47638 7543987.15836 29.752 200 200 200
4207292.17638 7543986.413360001 30.352 200 200 200
4207288.95938 7543985.73836 28.551000000000002 200 200 200
4207289.88538 7543984.0093600005 28.966 200 200 200
4207290.02638 7543986.55036 29.336000000000002 200 200 200
4207289.69338 7543987.589360001 28.75 200 200 200
4207292.31538 7543987.12436 29.891000000000002 200 200 200
4207292.649379999 7543983.896360001 29.681 200 200 200
4207289.48938 7543982.80736 28.664 200 200 200
4207288.98838 7543983.31736 28.865000000000002 200 200 200
4207292.31338 7543985.45136 30.503 200 200 200
4207291.62438 7543983.23436 29.096 200 200 200
4207292.979379999 7543983.52036 28.931 200 200 200
4207291.94638 7543983.9353600005 29.943 200 200 200
4207289.49538 7543985.01636 29.142 200 200 200
4207292.64538 7543983.21036 28.747 200 200 200
4207291.93838 7543983.21836 29.174 200 200 200
4207290.223379999 7543985.78336 29.939 200 200 200
4207292.41238 7543982.27436 28.071 200 200 200
4207290.73838 7543986.57636 29.909 200 200 200
4207290.60738 7543985.20936 30.094 200 200 200
4207290.62438 7543987.80436 28.268 200 200 200
4207292.85838 7543987.05936 29.908 200 200 200
4207291.00838 7543983.68136 29.348 200 200 200
4207289.23338 7543986.65836 28.149 200 200 200
4207290.746379999 7543987.73636 29.145 200 200 200
4207292.81738 7543984.885360001 30.178 200 200 200
4207289.19138 7543987.43836 27.724 200 200 200
4207288.89338 7543983.86636 28.939 200 200 200
4207288.89238 7543985.67036 28.552 200 200 200
4207290.0703799995 7543986.31236 29.481 200 200 200
4207290.17938 7543985.51136 29.92 200 200 200
4207291.52838 7543982.33236 28.281 200 200 200
4207292.67938 7543987.08736 29.691 200 200 200
4207290.18238 7543986.38136 29.493000000000002 200 200 200
4207290.45338 7543986.981360001 29.34 200 200 200
4207290.223379999 7543985.561360001 29.97 200 200 200
4207289.42438 7543985.51336 29.13 200 200 200
4207292.64038 7543987.76636 29.129 200 200 200
4207291.65938 7543985.98236 30.373 200 200 200
4207289.47138 7543985.99636 28.941 200 200 200
4207289.18738 7543984.24136 28.805 200 200 200
4207289.29438 7543985.00236 28.964000000000002 200 200 200
4207288.5423799995 7543986.81536 27.597 200 200 200
4207289.933379999 7543987.60536 27.8 200 200 200
4207290.04638 7543986.21036 29.623 200 200 200
4207288.859379999 7543982.88636 28.558 200 200 200
4207289.60138 7543986.77336 29.036 200 200 200
4207290.70338 7543983.2083600005 28.813000000000002 200 200 200
4207288.916379999 7543985.70636 28.45 200 200 200
4207292.45838 7543987.20436 29.472 200 200 200
4207292.50038 7543984.66536 30.27 200 200 200
4207292.9683799995 7543985.69436 30.387 200 200 200
4207291.797379999 7543983.51436 29.483 200 200 200
4207290.92638 7543986.80736 29.385 200 200 200
4207292.63338 7543983.64536 29.383 200 200 200
4207289.03438 7543987.260360001 27.766000000000002 200 200 200
4207291.29038 7543983.2763600005 28.789 200 200 200
4207292.2923799995 7543985.29136 30.456 200 200 200
4207288.984379999 7543985.73036 28.463 200 200 200
4207290.50538 7543982.85236 28.63 200 200 200
4207290.80738 7543983.606360001 29.26 200 200 200
4207289.058379999 7543985.85536 28.029 200 200 200
4207288.75538 7543985.49536 28.657 200 200 200
4207289.86438 7543983.71736 28.986 200 200 200
4207290.74538 7543987.697360001 29.197 200 200 200
4207292.15638 7543987.01936 30.007 200 200 200
4207290.23338 7543984.5833600005 29.626 200 200 200
4207290.33838 7543983.470360001 28.995 200 200 200
4207289.65038 7543987.419360001 28.602 200 200 200
4207289.57738 7543985.51736 29.46 200 200 200
4207291.45738 7543985.19536 30.454 200 200 200
4207289.97238 7543982.30036 28.236 200 200 200
4207290.57338 7543984.1343600005 29.664 200 200 200
4207291.13138 7543987.75236 29.033 200 200 200
4207290.03738 7543987.45436 28.451 200 200 200
4207289.405379999 7543985.94036 28.815 200 200 200
4207291.61438 7543985.48936 30.435000000000002 200 200 200
4207290.83038 7543985.97236 29.988 200 200 200
4207291.0703799995 7543983.9353600005 29.71 200 200 200
4207290.88638 7543984.17236 29.830000000000002 200 200 200
4207290.7863799995 7543985.56936 30.061 200 200 200
4207290.18138 7543985.1913600005 29.877 200 200 200
4207289.12538 7543983.021360001 28.822 200 200 200
4207292.60138 7543983.11336 28.66 200 200 200
4207289.81338 7543982.70536 28.212 200 200 200
4207291.98638 7543983.1173600005 29.037 200 200 200
4207287.07138 7543985.55336 25.439 200 200 200
4207286.71438 7543985.28936 25.254 200 200 200
4207287.11638 7543986.288360001 25.282 200 200 200
4207286.48738 7543984.64736 26.904 200 200 200
4207287.25938 7543986.80136 24.598 200 200 200
4207286.83638 7543982.58236 26.817 200 200 200
4207287.234379999 7543983.578360001 27.086 200 200 200
4207287.17538 7543982.44936 26.835 200 200 200
4207287.20538 7543985.73636 25.461 200 200 200
4207287.10738 7543982.63036 26.818 200 200 200
4207286.80538 7543981.964360001 24.715 200 200 200
4207286.240379999 7543984.44236 26.895 200 200 200
4207287.263379999 7543982.81536 26.877000000000002 200 200 200
4207287.20738 7543982.05436 24.968 200 200 200
4207291.76738 7543981.21536 26.446 200 200 200
4207290.32438 7543980.38736 25.191000000000003 200 200 200
4207292.62838 7543981.72436 27.389 200 200 200
4207290.43738 7543981.73436 24.752000000000002 200 200 200
4207291.65738 7543981.39436 26.124000000000002 200 200 200
4207291.51138 7543979.66136 24.543 200 200 200
4207289.16338 7543981.62836 25.509 200 200 200
4207291.56838 7543981.10436 26.181 200 200 200
4207289.36938 7543981.4183600005 25.401 200 200 200
4207292.314379999 7543981.362360001 27.409 200 200 200
4207288.42638 7543981.63636 25.061 200 200 200
4207288.59038 7543981.16436 24.795 200 200 200
4207292.33538 7543981.45636 27.445 200 200 200
4207289.433379999 7543979.99736 24.587 200 200 200
4207291.342379999 7543981.1683600005 26.14 200 200 200
4207289.59938 7543981.19336 25.129 200 200 200
4207289.61938 7543981.430360001 25.25 200 200 200
4207290.06738 7543981.81736 26.714 200 200 200
4207288.984379999 7543981.64436 25.431 200 200 200
4207292.77038 7543980.96536 27.243000000000002 200 200 200
4207290.78338 7543981.1003600005 25.898 200 200 200
4207288.6673799995 7543981.6683600005 25.442 200 200 200
4207292.00438 7543980.186360001 26.003 200 200 200
4207290.13638 7543979.60836 24.511 200 200 200
4207289.64838 7543980.57736 25.068 200 200 200
4207289.87538 7543980.26336 25.09 200 200 200
4207293.06938 7543980.07936 25.745 200 200 200
4207289.72538 7543979.7593600005 24.721 200 200 200
4207289.25938 7543981.402360001 25.198 200 200 200
4207293.0703799995 7543980.11636 25.630000000000003 200 200 200
4207291.50538 7543979.868360001 24.867 200 200 200
4207291.700379999 7543980.10836 25.319000000000003 200 200 200
4207292.4513799995 7543981.21736 27.299 200 200 200
4207291.23038 7543979.862360001 25.081 200 200 200
4207290.007379999 7543981.76636 24.901 200 200 200
4207290.56938 7543980.8503600005 25.295 200 200 200
4207288.979379999 7543982.59436 26.841 200 200 200
4207291.59438 7543986.0263600005 26.047 200 200 200
4207289.40738 7543982.75536 26.852 200 200 200
4207287.47238 7543982.08436 25.337 200 200 200
4207288.51838 7543984.07436 27.005 200 200 200
4207288.72138 7543987.578360001 26.07 200 200 200
4207288.962379999 7543987.70136 26.474 200 200 200
4207288.88638 7543982.94036 26.933 200 200 200
4207287.94138 7543985.77936 27.404 200 200 200
4207287.558379999 7543986.805360001 24.346 200 200 200
4207287.91838 7543982.63636 26.86 200 200 200
4207288.54638 7543983.65336 26.812 200 200 200
4207287.68138 7543986.92636 25.015 200 200 200
4207289.1273799995 7543987.59736 27.441000000000003 200 200 200
4207288.81538 7543987.66536 27.171 200 200 200
4207292.02738 7543986.11536 25.718 200 200 200
4207292.72838 7543987.15036 25.315 200 200 200
4207288.86138 7543983.32336 26.911 200 200 200
4207287.89638 7543986.36936 27.16 200 200 200
4207287.54338 7543984.5833600005 27.19 200 200 200
4207289.72738 7543982.04636 26.744 200 200 200
4207288.06238 7543986.62836 25.240000000000002 200 200 200
4207289.51138 7543982.839360001 27.345 200 200 200
4207287.44038 7543981.90936 24.542 200 200 200
4207287.84938 7543986.96036 25.738 200 200 200
4207289.06038 7543987.55036 27.429000000000002 200 200 200
4207289.21138 7543982.16536 26.574 200 200 200
4207288.61738 7543982.88036 26.781 200 200 200
4207287.44238 7543986.902360001 24.444000000000003 200 200 200
4207287.65338 7543986.03636 26.939 200 200 200
4207287.90738 7543986.85836 25.031 200 200 200
4207291.12538 7543986.52236 26.92 200 200 200
4207288.20738 7543987.17236 27.269000000000002 200 200 200
4207287.87938 7543982.01236 25.252000000000002 200 200 200
4207295.20438 7543985.51936 28.919 200 200 200
4207293.61938 7543983.39736 28.469 200 200 200
4207293.15138 7543983.84436 29.305 200 200 200
4207293.763379999 7543986.45136 29.903000000000002 200 200 200
4207295.22038 7543986.9243600005 28.935000000000002 200 200 200
4207294.05138 7543983.75536 28.12 200 200 200
4207293.48638 7543986.65436 30.175 200 200 200
4207293.50938 7543986.407360001 30.22 200 200 200
4207294.93238 7543987.09336 28.511 200 200 200
4207293.49538 7543986.743360001 29.59 200 200 200
4207293.22438 7543986.94436 29.571 200 200 200
4207293.433379999 7543982.3843600005 27.694 200 200 200
4207295.34738 7543984.30936 28.772000000000002 200 200 200
4207293.92338 7543986.17136 29.784 200 200 200
4207294.348379999 7543984.00136 29.206 200 200 200
4207294.95338 7543985.71036 29.052 200 200 200
4207293.67138 7543985.74436 30.11 200 200 200
4207295.0423799995 7543987.44436 28.642 200 200 200
4207294.82138 7543986.84436 28.504 200 200 200
4207293.484379999 7543983.282360001 28.458000000000002 200 200 200
4207294.97738 7543985.436360001 29.021 200 200 200
4207293.973379999 7543982.85836 27.647000000000002 200 200 200
4207295.15338 7543987.1173600005 28.803 200 200 200
4207294.24138 7543987.40336 29.324 200 200 200
4207295.59538 7543984.64336 28.689 200 200 200
4207293.751379999 7543983.51836 28.568 200 200 200
4207293.382379999 7543986.85436 29.587 200 200 200
4207293.46538 7543986.11336 30.227 200 200 200
4207293.40938 7543984.37636 30.016000000000002 200 200 200
4207294.79038 7543986.04236 29.246000000000002 200 200 200
4207293.02638 7543984.21836 30.03 200 200 200
4207295.263379999 7543985.65436 28.028 200 200 200
4207293.71638 7543986.4353600005 29.979 200 200 200
4207295.13438 7543986.01836 28.932000000000002 200 200 200
4207295.77138 7543984.84336 28.926000000000002 200 200 200
4207293.57838 7543983.135360001 28.297 200 200 200
4207294.990379999 7543985.7933600005 28.1 200 200 200
4207293.558379999 7543982.96636 28.187 200 200 200
4207294.723379999 7543986.90436 27.564 200 200 200
4207295.68238 7543985.19336 28.777 200 200 200
4207293.33638 7543983.71736 29.119 200 200 200
4207294.33538 7543985.57136 29.611 200 200 200
4207295.07338 7543984.17036 27.595 200 200 200
4207293.90738 7543985.16736 29.682000000000002 200 200 200
4207295.63938 7543984.73236 28.674 200 200 200
4207294.66238 7543984.38836 29.236 200 200 200
4207293.15338 7543983.77236 29.256 200 200 200
4207294.24238 7543983.81236 28.829 200 200 200
4207295.00338 7543984.53136 29.031 200 200 200
4207294.36138 7543986.99936 27.623 200 200 200
4207293.2693799995 7543986.87636 29.573 200 200 200
4207294.08038 7543983.81236 29.12 200 200 200
4207293.740379999 7543983.74736 29.183 200 200 200
4207293.3263799995 7543984.18436 29.589000000000002 200 200 200
4207293.399379999 7543983.98536 29.341 200 200 200
4207294.84138 7543984.83736 29.188000000000002 200 200 200
4207294.4683799995 7543987.26436 29.253 200 200 200
4207295.19238 7543985.53336 28.234 200 200 200
4207294.13338 7543987.31736 27.652 200 200 200
4207294.77238 7543984.88736 29.249000000000002 200 200 200
4207294.075379999 7543983.74736 28.018 200 200 200
4207294.97838 7543985.10436 27.673000000000002 200 200 200
4207295.02238 7543986.61036 28.701 200 200 200
4207295.88438 7543981.44036 25.625 200 200 200
4207295.68738 7543981.20936 26.733 200 200 200
4207294.081379999 7543980.36536 25.858 200 200 200
4207293.60638 7543980.23436 25.96 200 200 200
4207295.17538 7543980.93336 26.407 200 200 200
4207293.1103799995 7543980.13836 25.909 200 200 200
4207294.513379999 7543980.32536 25.633000000000003 200 200 200
4207294.79338 7543980.87536 26.292 200 200 200
4207293.45238 7543980.10436 25.747 200 200 200
4207295.31738 7543981.169360001 25.958 200 200 200
4207293.21538 7543980.42036 26.333 200 200 200
4207294.32138 7543981.65836 27.349 200 200 200
4207293.825379999 7543981.37036 27.442 200 200 200
4207293.371379999 7543981.67036 27.546 200 200 200
4207294.36438 7543981.91736 27.457 200 200 200
4207295.19038 7543980.44236 25.633000000000003 200 200 200
4207294.14338 7543981.51736 27.275 200 200 200
4207293.530379999 7543981.39836 27.528 200 200 200
4207294.638379999 7543980.84436 26.178 200 200 200
4207295.962379999 7543980.63936 25.227 200 200 200
4207294.189379999 7543980.58536 26.068 200 200 200
4207295.29038 7543981.05236 26.202 200 200 200
4207294.76638 7543979.99536 25.452 200 200 200
4207295.575379999 7543981.0263600005 26.711 200 200 200
4207295.59538 7543980.88936 25.561 200 200 200
4207293.34638 7543981.88136 27.617 200 200 200
4207293.43538 7543981.92736 27.629 200 200 200
4207293.36138 7543980.11036 25.822 200 200 200
4207293.65938 7543980.504360001 26.803 200 200 200
4207293.76638 7543980.92936 27.009 200 200 200
4207294.5193799995 7543980.64736 26.563000000000002 200 200 200
4207296.354379999 7543984.0493600005 26.552 200 200 200
4207298.32138 7543983.22236 25.163 200 200 200
4207294.90438 7543987.59136 27.37 200 200 200
4207295.47238 7543987.260360001 27.153 200 200 200
4207296.15038 7543982.10536 25.749000000000002 200 200 200
4207296.13138 7543986.90836 26.962 200 200 200
4207295.51838 7543985.885360001 27.491 200 200 200
4207296.92638 7543986.24636 26.843 200 200 200
4207296.3263799995 7543982.52936 25.93 200 200 200
4207295.91238 7543982.743360001 24.946 200 200 200
4207297.08438 7543983.52436 26.188000000000002 200 200 200
4207295.979379999 7543982.08436 26.611 200 200 200
4207296.74338 7543983.21236 25.104 200 200 200
4207296.42338 7543984.17836 26.473 200 200 200
4207296.24838 7543982.618360001 26.485 200 200 200
4207295.82238 7543984.37836 27.315 200 200 200
4207298.54438 7543983.81236 25.175 200 200 200
4207295.80238 7543984.231360001 27.179000000000002 200 200 200
4207296.35238 7543982.24636 25.785 200 200 200
4207295.615379999 7543985.37036 27.276 200 200 200
4207295.43138 7543985.515360001 27.411 200 200 200
4207297.63538 7543987.29136 25.997 200 200 200
4207296.65238 7543983.34136 26.457 200 200 200
4207294.36338 7543982.123360001 27.489 200 200 200
4207295.54938 7543984.93936 27.261 200 200 200
4207296.41438 7543982.67236 26.016000000000002 200 200 200
4207295.45838 7543984.98636 27.298000000000002 200 200 200
4207295.44938 7543982.66436 27.127000000000002 200 200 200
4207298.22138 7543983.62536 25.672 200 200 200
4207297.564379999 7543987.351360001 26.185000000000002 200 200 200
4207297.0703799995 7543985.25736 26.64 200 200 200
4207296.825379999 7543984.88336 26.483 200 200 200
4207297.33338 7543987.26836 26.579 200 200 200
4207297.0593799995 7543986.88036 26.854 200 200 200
4207295.16438 7543984.30336 27.554000000000002 200 200 200
4207294.97438 7543987.36136 27.313000000000002 200 200 200
4207295.854379999 7543983.48636 26.918 200 200 200
4207295.52038 7543985.89736 27.352 200 200 200
4207294.84038 7543982.08436 27.252000000000002 200 200 200
4207296.98138 7543985.05036 26.594 200 200 200
4207296.52738 7543985.10436 26.73 200 200 200
4207296.16938 7543982.34636 25.908 200 200 200
4207296.28338 7543984.82036 26.583000000000002 200 200 200
4207296.484379999 7543984.98336 26.631 200 200 200
4207297.62038 7543987.146360001 25.595 200 200 200
4207298.35138 7543987.69936 26.257 200 200 200
4207298.791379999 7543984.41036 26.429000000000002 200 200 200
4207297.348379999 7543987.23436 25.578 200 200 200
4207295.68738 7543984.59136 27.157 200 200 200
4207295.53738 7543983.45136 27.044 200 200 200
4207298.80038 7543986.15936 26.792 200 200 200
4207295.81338 7543982.362360001 27.009 200 200 200
4207296.50338 7543982.743360001 26.065 200 200 200
4207297.76738 7543986.356360001 26.477 200 200 200
4207295.29038 7543987.25036 27.304000000000002 200 200 200
4207297.03438 7543987.37536 26.816 200 200 200
4207296.5423799995 7543986.04836 26.935000000000002 200 200 200
4207298.86438 7543984.03336 26.211 200 200 200
4207286.90338 7543980.03336 22.024 200 200 200
4207286.22638 7543981.20136 23.095 200 200 200
4207287.09738 7543981.33436 23.603 200 200 200
4207286.973379999 7543980.70536 23.060000000000002 200 200 200
4207286.842379999 7543980.73036 22.831 200 200 200
4207286.64038 7543985.92036 24.096 200 200 200
4207287.1783799995 7543986.91436 24.037 200 200 200
4207286.19238 7543985.83736 23.918 200 200 200
4207286.64138 7543982.10536 23.645 200 200 200
4207286.6443799995 7543986.59036 23.687 200 200 200
4207288.48338 7543979.17736 22.256 200 200 200
4207288.77038 7543979.42336 22.505000000000003 200 200 200
4207290.44738 7543979.63036 23.333 200 200 200
4207292.7183799995 7543979.03936 22.599 200 200 200
4207290.23338 7543979.62636 22.698 200 200 200
4207288.61438 7543979.36936 22.404 200 200 200
4207289.90138 7543979.17136 22.403 200 200 200
4207288.61338 7543980.34736 23.623 200 200 200
4207289.331379999 7543979.74736 24.009 200 200 200
4207290.57838 7543979.37136 22.339 200 200 200
4207290.69838 7543979.70936 23.168 200 200 200
4207291.013379999 7543979.38936 21.96 200 200 200
4207287.76038 7543979.351360001 22.235 200 200 200
4207287.71338 7543979.48936 22.244 200 200 200
4207290.69138 7543979.57036 22.258000000000003 200 200 200
4207287.42338 7543979.63036 22.037 200 200 200
4207290.79638 7543979.697360001 22.725 200 200 200
4207288.65738 7543979.44536 22.503999999999998 200 200 200
4207288.90938 7543979.186360001 22.36 200 200 200
4207292.5933799995 7543979.65336 23.217 200 200 200
4207287.78438 7543979.34336 22.134 200 200 200
4207290.82938 7543979.77936 22.038 200 200 200
4207288.78238 7543979.80236 23.029 200 200 200
4207287.47538 7543980.38936 22.779 200 200 200
4207291.31838 7543979.6343600005 23.896 200 200 200
4207287.501379999 7543981.1683600005 23.762 200 200 200
4207289.56738 7543979.61036 23.405 200 200 200
4207289.490379999 7543979.34736 22.663 200 200 200
4207289.7693799995 7543979.10536 22.163 200 200 200
4207288.41538 7543987.51636 24.155 200 200 200
4207287.71938 7543986.828360001 24.08 200 200 200
4207288.76538 7543986.43936 23.664 200 200 200
4207292.43138 7543979.413360001 20.762 200 200 200
4207291.70838 7543979.24036 20.889000000000003 200 200 200
4207291.54538 7543979.43936 21.125 200 200 200
4207291.90838 7543985.970360001 17.833 200 200 200
4207296.43238 7543981.13236 22.541 200 200 200
4207296.85338 7543981.52936 21.532 200 200 200
4207296.45238 7543981.08036 22.758 200 200 200
4207295.14738 7543980.01736 21.396 200 200 200
4207295.50838 7543979.77536 22.9 200 200 200
4207295.35038 7543980.94336 23.948 200 200 200
4207296.91438 7543981.623360001 23.293 200 200 200
4207295.98338 7543981.44636 23.685000000000002 200 200 200
4207293.371379999 7543980.021360001 23.833 200 200 200
4207293.25938 7543979.94636 23.746000000000002 200 200 200
4207294.10538 7543979.21036 23.274 200 200 200
4207295.35338 7543979.0493600005 22.891 200 200 200
4207296.82438 7543981.362360001 22.018 200 200 200
4207296.77538 7543981.4243600005 22.232 200 200 200
4207295.859379999 7543980.35536 23.344 200 200 200
4207294.75638 7543979.41136 23.475 200 200 200
4207296.58238 7543980.77436 21.727 200 200 200
4207296.93738 7543981.42236 23.336 200 200 200
4207295.32738 7543980.20036 21.417 200 200 200
4207295.558379999 7543979.01836 22.766 200 200 200
4207295.46538 7543979.504360001 21.473 200 200 200
4207295.44138 7543979.59236 22.866 200 200 200
4207295.399379999 7543979.11336 22.839 200 200 200
4207295.80538 7543980.180360001 22.562 200 200 200
4207295.666379999 7543980.30936 21.34 200 200 200
4207295.48638 7543979.29236 21.643 200 200 200
4207296.25538 7543981.62536 23.644 200 200 200
4207295.90938 7543980.40336 21.656 200 200 200
4207293.38338 7543979.34336 23.267 200 200 200
4207293.52038 7543979.88836 24.433 200 200 200
4207296.501379999 7543982.92036 23.423000000000002 200 200 200
4207298.68638 7543981.94436 23.852 200 200 200
4207297.59938 7543982.72136 22.572 200 200 200
4207296.75038 7543982.82736 23.364 200 200 200
4207297.0363799995 7543982.17736 22.57 200 200 200
4207296.68038 7543983.27836 23.352 200 200 200
4207295.16838 7543982.322360001 23.647 200 200 200
4207297.31738 7543982.02236 22.017000000000003 200 200 200
4207297.75438 7543982.07036 21.46 200 200 200
4207296.297379999 7543982.43336 23.561 200 200 200
4207297.50038 7543983.64936 22.865000000000002 200 200 200
4207294.93838 7543982.61036 23.867 200 200 200
4207295.6613799995 7543983.22836 23.627000000000002 200 200 200
4207297.16038 7543982.51936 23.183 200 200 200
4207296.01738 7543983.58436 23.835 200 200 200
4207296.77138 7543982.896360001 23.4 200 200 200
4207296.36738 7543981.73636 23.617 200 200 200
4207295.712379999 7543982.05036 23.618000000000002 200 200 200
4207297.66338 7543981.83136 21.605 200 200 200
4207298.00338 7543981.30336 18.881 200 200 200
4207295.97438 7543980.953360001 18.866 200 200 200
4207297.66538 7543981.22936 18.843 200 200 200
4207295.22538 7543980.92736 19.142 200 200 200
4207296.83538 7543981.05436 18.665 200 200 200
4207295.501379999 7543986.66036 18.659 200 200 200
4207295.5363799995 7543986.538360001 17.978 200 200 200
4207295.16538 7543981.51136 18.518 200 200 200
4207296.28938 7543981.38036 18.819000000000003 200 200 200
4207296.3603799995 7543982.25236 18.380000000000003 200 200 200
4207298.34438 7543981.37636 18.665 200 200 200
4207295.87538 7543986.73536 17.861 200 200 200
4207292.91838 7543989.493360001 28.327 200 200 200
4207292.37538 7543989.09436 28.474 200 200 200
4207292.31638 7543989.82536 27.707 200 200 200
4207290.9513799995 7543988.17836 27.538 200 200 200
4207292.9343799995 7543989.05236 28.769000000000002 200 200 200
4207291.723379999 7543988.66036 28.455000000000002 200 200 200
4207292.26438 7543989.0663600005 28.398 200 200 200
4207290.81538 7543987.97736 29.026 200 200 200
4207292.55238 7543988.73436 28.775000000000002 200 200 200
4207291.38538 7543988.0603600005 28.621000000000002 200 200 200
4207292.54038 7543989.99436 27.818 200 200 200
4207291.48638 7543988.43236 27.864 200 200 200
4207291.632379999 7543990.220360001 26.73 200 200 200
4207290.68538 7543990.21836 25.292 200 200 200
4207288.59538 7543989.83536 24.86 200 200 200
4207289.496379999 7543990.42536 24.837 200 200 200
4207290.96038 7543988.601360001 26.868000000000002 200 200 200
4207289.63438 7543988.794360001 26.526 200 200 200
4207290.6673799995 7543988.92936 26.744 200 200 200
4207291.3603799995 7543990.3333600005 26.726 200 200 200
4207290.2863799995 7543990.50836 26.145 200 200 200
4207291.77038 7543989.38636 26.739 200 200 200
4207290.76638 7543990.88836 24.312 200 200 200
4207289.67438 7543990.39336 24.991 200 200 200
4207291.797379999 7543987.95136 26.926000000000002 200 200 200
4207289.94938 7543989.06236 26.471 200 200 200
4207289.68638 7543989.75336 25.78 200 200 200
4207289.8203799995 7543989.743360001 25.933 200 200 200
4207290.44138 7543989.92636 26.490000000000002 200 200 200
4207292.59638 7543990.69336 26.926000000000002 200 200 200
4207288.97238 7543987.95736 27.14 200 200 200
4207291.85738 7543989.75736 26.869 200 200 200
4207291.63138 7543990.06736 26.797 200 200 200
4207290.876379999 7543990.92236 24.452 200 200 200
4207291.20738 7543989.44936 26.709 200 200 200
4207289.8203799995 7543989.811360001 25.919 200 200 200
4207289.62338 7543989.18336 25.731 200 200 200
4207290.01738 7543990.214360001 26.138 200 200 200
4207290.35338 7543989.91636 26.363 200 200 200
4207289.27138 7543990.71136 24.740000000000002 200 200 200
4207292.973379999 7543990.66136 27.36 200 200 200
4207288.484379999 7543989.92036 24.781 200 200 200
4207290.64738 7543990.97936 26.072 200 200 200
4207291.52538 7543988.24136 26.892 200 200 200
4207292.18638 7543988.58536 26.329 200 200 200
4207291.07338 7543988.55336 26.832 200 200 200
4207290.35338 7543989.36436 26.529 200 200 200
4207289.82138 7543989.51736 25.926000000000002 200 200 200
4207288.3263799995 7543989.98436 24.740000000000002 200 200 200
4207291.297379999 7543989.27036 26.752000000000002 200 200 200
4207290.74438 7543990.947360001 25.655 200 200 200
4207289.41038 7543988.805360001 26.386 200 200 200
4207291.37838 7543990.186360001 24.295 200 200 200
4207289.17438 7543987.79036 27.297 200 200 200
4207290.59738 7543989.98036 26.604 200 200 200
4207289.51838 7543990.64736 24.768 200 200 200
4207294.05138 7543990.46536 27.688000000000002 200 200 200
4207293.82938 7543989.67036 27.655 200 200 200
4207294.58438 7543987.85436 27.552 200 200 200
4207294.44338 7543989.38836 27.488 200 200 200
4207293.11638 7543988.34136 28.915 200 200 200
4207294.76438 7543988.22736 28.837 200 200 200
4207293.56738 7543988.629360001 28.821 200 200 200
4207293.31938 7543988.601360001 28.77 200 200 200
4207293.223379999 7543988.03536 29.354 200 200 200
4207294.07938 7543989.0263600005 27.799 200 200 200
4207294.53438 7543988.16436 27.747 200 200 200
4207293.746379999 7543988.26336 29.059 200 200 200
4207293.83038 7543989.62236 27.631 200 200 200
4207294.07938 7543988.98236 27.826 200 200 200
4207293.36338 7543988.345360001 28.966 200 200 200
4207293.07738 7543989.7253600005 28.132 200 200 200
4207293.86338 7543989.26136 28.490000000000002 200 200 200
4207293.89838 7543989.46536 27.636 200 200 200
4207294.34938 7543988.09436 28.039 200 200 200
4207294.399379999 7543989.11536 27.482 200 200 200
4207294.18838 7543990.66136 27.595 200 200 200
4207293.30438 7543989.59036 28.111 200 200 200
4207293.081379999 7543990.59436 27.654 200 200 200
4207293.496379999 7543988.265360001 29.109 200 200 200
4207295.27538 7543990.37736 27.367 200 200 200
4207296.2183799995 7543988.5433600005 26.732 200 200 200
4207295.62038 7543989.41436 27.189 200 200 200
4207294.91038 7543990.75136 26.1 200 200 200
4207295.19638 7543988.152360001 27.294 200 200 200
4207296.58238 7543988.13036 26.655 200 200 200
4207297.60838 7543988.5093600005 25.954 200 200 200
4207295.59538 7543990.095360001 27.236 200 200 200
4207294.90738 7543990.947360001 26.298000000000002 200 200 200
4207295.52838 7543989.62436 27.285 200 200 200
4207297.86438 7543988.652360001 25.445 200 200 200
4207296.93738 7543989.135360001 26.747 200 200 200
4207295.80138 7543989.70636 27.158 200 200 200
4207295.22038 7543987.90536 27.301000000000002 200 200 200
4207294.95438 7543990.67736 24.872 200 200 200
4207296.83238 7543990.16136 27.431 200 200 200
4207295.3093799995 7543988.48836 27.236 200 200 200
4207297.12438 7543989.04236 26.408 200 200 200
4207298.337379999 7543988.14436 25.586 200 200 200
4207295.67138 7543988.794360001 27.078 200 200 200
4207296.0593799995 7543988.527360001 26.846 200 200 200
4207297.30138 7543990.11936 26.293 200 200 200
4207295.18538 7543990.37736 27.379 200 200 200
4207297.47538 7543990.63936 26.560000000000002 200 200 200
4207297.39238 7543990.03536 26.372 200 200 200
4207296.85638 7543989.02836 26.242 200 200 200
4207294.60738 7543988.072360001 27.458000000000002 200 200 200
4207295.3433799995 7543990.862360001 27.203 200 200 200
4207296.85638 7543990.60236 25.848 200 200 200
4207295.638379999 7543990.59236 27.211 200 200 200
4207297.11238 7543988.08036 25.987000000000002 200 200 200
4207289.02038 7543990.74536 23.444000000000003 200 200 200
4207288.89038 7543990.21236 23.317 200 200 200
4207292.263379999 7543988.82136 23.002000000000002 200 200 200
4207292.1443799995 7543988.45436 22.072000000000003 200 200 200
4207289.03338 7543990.90636 24.062 200 200 200
4207293.00038 7543987.69336 20.992 200 200 200
4207293.08938 7543988.998360001 23.471 200 200 200
4207296.03538 7543989.47736 23.956 200 200 200
4207294.13438 7543990.05336 22.740000000000002 200 200 200
4207296.1273799995 7543989.53136 23.753 200 200 200
4207293.39638 7543988.19336 24.177 200 200 200
4207294.07338 7543990.56836 23.539 200 200 200
4207293.14038 7543989.21336 23.035 200 200 200
4207294.66238 7543989.32036 23.763 200 200 200
4207293.8033799995 7543989.1513600005 23.94 200 200 200
4207293.24938 7543988.01736 22.215 200 200 200
4207293.4173799995 7543988.33536 24.225 200 200 200
4207294.331379999 7543990.72336 22.915 200 200 200
4207294.20838 7543989.77536 23.8 200 200 200
4207294.24338 7543989.61036 21.698999999999998 200 200 200
4207295.97138 7543989.80936 23.568 200 200 200
4207295.40338 7543990.17936 23.695 200 200 200
4207294.03438 7543990.94036 23.073 200 200 200
4207293.501379999 7543990.45136 24.084 200 200 200
4207293.95538 7543989.11536 21.482 200 200 200
4207293.73038 7543988.53536 23.017 200 200 200
4207294.564379999 7543988.7763600005 18.843 200 200 200
4207295.763379999 7543988.339360001 20.128 200 200 200
4207293.91438 7543989.5093600005 18.416 200 200 200
4207295.78438 7543988.25536 20.232 200 200 200
4207293.89138 7543988.31536 18.775 200 200 200
4207295.48138 7543989.618360001 17.724 200 200 200
4207294.55738 7543988.13836 20.812 200 200 200
4207295.81038 7543987.91536 18.769 200 200 200
4207295.27638 7543987.94336 18.297 200 200 200
4207295.20738 7543988.2993600005 19.67 200 200 200
4207294.4343799995 7543988.90536 18.497 200 200 200
4207294.7353799995 7543988.64536 18.036 200 200 200
4207295.78338 7543988.02336 18.995 200 200 200
4207295.57338 7543987.53036 18.194000000000003 200 200 200
4207295.61738 7543988.26136 19.445 200 200 200
4207294.371379999 7543988.368360001 18.294 200 200 200
4207294.865379999 7543988.720360001 18.402 200 200 200
4207295.706379999 7543987.24636 19.774 200 200 200
4207286.06138 7543979.0433600005 15.805 200 200 200
4207291.60138 7543985.714360001 16.037 200 200 200
4207291.700379999 7543986.00036 16.792 200 200 200
4207292.57138 7543985.38236 16.076 200 200 200
4207292.22438 7543985.59936 16.551000000000002 200 200 200
4207291.48938 7543986.038360001 15.839 200 200 200
4207292.01838 7543985.5493600005 15.346 200 200 200
4207292.32438 7543985.41236 17.342 200 200 200
4207290.93138 7543986.36336 15.409 200 200 200
4207291.50938 7543985.60436 16.09 200 200 200
4207286.19338 7543979.532360001 14.538 200 200 200
4207286.5703799995 7543979.481360001 12.132000000000001 200 200 200
4207286.064379999 7543979.24436 11.463000000000001 200 200 200
4207286.28438 7543980.10236 14.309000000000001 200 200 200
4207287.10638 7543980.06936 12.387 200 200 200
4207287.64838 7543980.0433600005 12.314 200 200 200
4207287.9453799995 7543980.379360001 11.965 200 200 200
4207287.56038 7543979.65336 12.273 200 200 200
4207288.54638 7543979.42336 12.727 200 200 200
4207288.8433799995 7543980.06936 12.306999999999999 200 200 200
4207287.93838 7543979.08136 12.733 200 200 200
4207291.01038 7543985.8333600005 12.113 200 200 200
4207291.72138 7543986.19336 14.073 200 200 200
4207288.26238 7543981.12636 13.114999999999998 200 200 200
4207292.13338 7543985.70436 12.439 200 200 200
4207291.69838 7543985.89336 11.405000000000001 200 200 200
4207295.2863799995 7543979.32636 17.191000000000003 200 200 200
4207298.88138 7543979.4013600005 15.394 200 200 200
4207294.81238 7543979.640360001 17.192999999999998 200 200 200
4207298.9113799995 7543980.55436 15.949 200 200 200
4207295.7013799995 7543986.90636 17.450000000000003 200 200 200
4207296.38538 7543985.06236 14.696 200 200 200
4207295.41938 7543984.89936 17.282 200 200 200
4207295.63438 7543986.89836 17.361 200 200 200
4207298.13138 7543979.32036 14.378 200 200 200
4207296.06938 7543986.17936 11.637 200 200 200
4207296.52138 7543985.646360001 11.766000000000002 200 200 200
4207296.67638 7543986.54836 11.719000000000001 200 200 200
4207298.18038 7543986.12536 12.308 200 200 200
4207287.31038 7543979.50836 11.007000000000001 200 200 200
4207292.206379999 7543985.81536 10.674 200 200 200
4207296.48138 7543985.75736 10.013000000000002 200 200 200
4207292.92438 7543989.69236 16.77 200 200 200
4207296.70838 7543988.05236 17.592 200 200 200
4207296.371379999 7543987.43236 14.917 200 200 200
4207293.87538 7543988.243360001 17.000999999999998 200 200 200
4207294.94938 7543988.53736 16.073999999999998 200 200 200
4207296.5193799995 7543987.06336 15.662 200 200 200
4207296.17138 7543988.31936 15.845 200 200 200
4207296.24838 7543987.10336 15.622 200 200 200
4207293.376379999 7543988.69636 17.026 200 200 200
4207295.53338 7543988.203360001 14.969 200 200 200
4207294.47838 7543988.43436 14.514 200 200 200
4207293.54938 7543988.75236 17.444000000000003 200 200 200
4207294.73038 7543988.34836 15.722 200 200 200
4207296.07738 7543988.40636 16.096 200 200 200
4207295.91838 7543988.521360001 16.118000000000002 200 200 200
4207296.20838 7543988.24736 16.367 200 200 200
4207296.26838 7543987.71536 15.619 200 200 200
4207296.95538 7543990.50236 15.656 200 200 200
4207294.132379999 7543988.7083600005 16.294 200 200 200
4207297.962379999 7543988.03936 11.309000000000001 200 200 200
4207296.3603799995 7543987.09336 14.329 200 200 200
4207296.56338 7543988.05236 11.289000000000001 200 200 200
4207296.030379999 7543990.75736 11.447 200 200 200
4207296.1273799995 7543988.521360001 14.381 200 200 200
4207297.15338 7543990.84836 11.692 200 200 200
4207295.36438 7543988.12636 11.420000000000002 200 200 200
4207294.67938 7543988.32136 11.919 200 200 200
4207296.28338 7543988.24536 13.172 200 200 200
4207294.94038 7543988.27536 13.911999999999999 200 200 200
4207296.69838 7543987.73836 14.176000000000002 200 200 200
4207296.19338 7543988.26936 13.183 200 200 200
4207296.87938 7543988.24736 12.579 200 200 200
4207295.06238 7543989.890360001 14.291 200 200 200
4207293.83338 7543988.19036 14.021999999999998 200 200 200
4207296.14138 7543990.23236 11.676000000000002 200 200 200
4207296.57438 7543988.19936 10.55 200 200 200
4207296.49338 7543990.94536 10.658999999999999 200 200 200
4207297.0363799995 7543987.61536 10.021 200 200 200
4207298.3263799995 7543988.203360001 11.104 200 200 200
4207294.38138 7543986.79536 11.219000000000001 200 200 200
4207298.484379999 7543988.06836 11.082999999999998 200 200 200
4207295.19038 7543988.34336 11.021 200 200 200
4207295.11738 7543989.16536 11.114 200 200 200
4207294.97438 7543988.277360001 10.475999999999999 200 200 200
